%YAML:1.0
t: !!opencv-matrix
   rows: 3
   cols: 3
   dt: d
   data: [ -2.7006773460562944e-001, -1.0763658090495556e+000,
       6.1300181626518156e+002, 2.6317960080065084e-001,
       -1.9435886627058001e+000, 8.1527849802952778e+002,
       4.6332190850909325e-004, -2.6667745296044343e-003, 1. ]
