%YAML:1.0
t: !!opencv-matrix
   rows: 3
   cols: 3
   dt: d
   data: [ -2.9384585562845900e-001, -1.0911852298105678e+000,
       6.5169431134266233e+002, 2.0332188411361726e-001,
       -1.8469660441488147e+000, 7.9809883094224926e+002,
       1.9636235616505397e-004, -2.3730466711684365e-003, 1. ]
