%YAML:1.0
t: !!opencv-matrix
   rows: 3
   cols: 3
   dt: d
   data: [ -3.0784452464188194e-001, -1.2225621245858425e+000,
       7.1120861782569682e+002, 5.9451028930076227e-002,
       -1.7090191930671166e+000, 8.1235284502539400e+002,
       9.9240737400811506e-005, -2.2501913543204158e-003, 1. ]
