%YAML:1.0
t: !!opencv-matrix
   rows: 3
   cols: 3
   dt: d
   data: [ -3.4125755898293808e-001, -1.2447614310174773e+000,
       7.2076878880411550e+002, 8.6024389449075575e-002,
       -1.8398637431484155e+000, 8.4506522851159320e+002,
       1.4216570220302314e-004, -2.3509860683393253e-003, 1. ]
